0 20 20
1 27 29
2 35 39
3 43 55
4 53 69
5 49 84
6 57 101
7 56 132
8 68 171
9 68 230
10 75 271
11 79 307
12 81 364
13 81 386
14 80 379
15 93 381
16 100 324
17 116 302
18 134 298
19 137 267
20 153 249
21 155 223
22 159 208
23 161 223
24 182 213
25 195 214
26 224 227
27 238 236
28 257 256
29 291 270
30 318 301
31 343 320
32 351 363
33 323 378
34 315 404
35 277 427
36 210 500
37 165 550
38 136 594
39 125 650
40 103 671
41 99 690
42 90 675
43 77 698
44 53 612
45 45 577
46 45 502
47 54 477
48 45 404
49 52 339
50 58 301
51 58 248
52 61 209
53 64 206
54 56 186
55 59 164
56 64 146
57 64 120
58 72 123
59 87 140
60 104 132
61 121 128
62 141 131
63 157 115
64 179 120
65 188 134
66 210 136
67 219 160
68 254 168
69 294 168
70 323 178
71 370 207
72 370 233
73 387 278
74 408 322
75 465 352
76 513 385
77 517 424
78 472 446
79 445 504
80 386 538
81 331 599
82 263 688
83 198 758
84 127 801
85 78 837
86 45 855
87 28 833
88 14 805
89 14 647
90 7 569
91 9 509
92 9 442
93 8 360
94 8 318
95 10 252
96 14 194
97 11 119
98 14 101
99 19 89
100 27 67
101 29 60
102 25 47
103 32 41
104 41 36
105 50 26
106 68 32
107 78 35
108 94 27
109 114 20
110 132 18
111 158 20
112 189 23
113 226 29
114 266 37
115 302 42
116 363 53
117 405 54
118 443 62
119 490 69
120 521 84
121 520 99
122 553 111
123 551 139
124 571 175
125 575 208
126 579 248
127 592 275
128 642 306
129 662 357
130 695 418
131 691 487
132 685 546
133 668 595
134 696 631
135 721 628
136 696 624
137 641 627
138 583 610
139 490 607
140 401 626
141 273 613
142 192 655
143 117 686
144 82 667
145 51 656
146 38 678
147 33 725
148 29 678
149 34 623
150 47 592
151 54 518
152 68 462
153 92 415
154 121 308
155 139 237
156 146 185
157 166 119
158 190 93
159 227 93
160 259 98
161 284 98
162 303 96
163 278 100
164 282 123
165 262 121
166 257 137
167 246 173
168 224 187
169 217 220
170 217 245
171 208 287
172 216 303
173 229 316
174 248 311
175 254 288
176 278 289
177 328 298
178 358 300
179 395 286
180 446 304
181 464 357
182 469 366
183 507 367
184 528 416
185 510 444
186 526 516
187 497 529
188 392 540
189 302 570
190 232 551
191 181 554
192 130 573
193 110 580
194 104 587
195 108 530
196 106 489
197 100 454
198 92 411
199 86 349
